75
538 27 1 0 0 
46 559 1 0 0 
130 19 1 0 0 
714 609 1 0 0 
243 266 1 0 0 
679 377 1 0 0 
771 562 1 0 0 
264 85 1 0 0 
783 26 1 0 0 
391 333 1 0 0 
59 281 1 0 0 
99 538 1 0 0 
18 169 1 0 0 
164 346 1 0 0 
306 591 1 0 0 
314 43 1 0 0 
617 711 1 0 0 
154 298 1 0 0 
729 419 1 0 0 
458 172 1 0 0 
685 337 1 0 0 
548 655 1 0 0 
450 363 1 0 0 
291 785 1 0 0 
388 682 1 0 0 
317 446 0 1 0 
514 767 0 1 0 
535 83 0 1 0 
487 698 0 1 0 
780 792 0 1 0 
488 293 0 1 0 
387 304 0 1 0 
203 540 0 1 0 
154 484 0 1 0 
158 611 0 1 0 
655 42 0 1 0 
147 754 0 1 0 
248 149 0 1 0 
316 539 0 1 0 
133 255 0 1 0 
772 1 0 1 0 
700 37 0 1 0 
767 434 0 1 0 
119 454 0 1 0 
331 99 0 1 0 
445 370 0 1 0 
743 31 0 1 0 
225 498 0 1 0 
122 378 0 1 0 
181 280 0 1 0 
189 387 0 0 1 
673 687 0 0 1 
340 121 0 0 1 
35 207 0 0 1 
659 167 0 0 1 
461 630 0 0 1 
167 712 0 0 1 
218 134 0 0 1 
345 336 0 0 1 
139 227 0 0 1 
786 583 0 0 1 
148 729 0 0 1 
166 372 0 0 1 
426 639 0 0 1 
750 606 0 0 1 
118 138 0 0 1 
192 343 0 0 1 
376 83 0 0 1 
463 411 0 0 1 
289 673 0 0 1 
129 749 0 0 1 
54 296 0 0 1 
660 271 0 0 1 
781 556 0 0 1 
606 119 0 0 1 
