120
0 1 1 0 400 400 0
0 1 1 0 400 400 3
0 1 1 0 400 400 6
0 1 1 0 400 400 9
0 1 1 0 400 400 12
0 1 1 0 400 400 15
0 1 1 0 400 400 18
0 1 1 0 400 400 21
0 1 1 0 400 400 24
0 1 1 0 400 400 27
0 1 1 0 400 400 30
0 1 1 0 400 400 33
0 1 1 0 400 400 36
0 1 1 0 400 400 39
0 1 1 0 400 400 42
0 1 1 0 400 400 45
0 1 1 0 400 400 48
0 1 1 0 400 400 51
0 1 1 0 400 400 54
0 1 1 0 400 400 57
0 1 1 0 400 400 60
0 1 1 0 400 400 63
0 1 1 0 400 400 66
0 1 1 0 400 400 69
0 1 1 0 400 400 72
0 1 1 0 400 400 75
0 1 1 0 400 400 78
0 1 1 0 400 400 81
0 1 1 0 400 400 84
0 1 1 0 400 400 87
0 1 1 0 400 400 90
0 1 1 0 400 400 93
0 1 1 0 400 400 96
0 1 1 0 400 400 99
0 1 1 0 400 400 102
0 1 1 0 400 400 105
0 1 1 0 400 400 108
0 1 1 0 400 400 111
0 1 1 0 400 400 114
0 1 1 0 400 400 117
0 1 1 0 400 400 120
0 1 1 0 400 400 123
0 1 1 0 400 400 126
0 1 1 0 400 400 129
0 1 1 0 400 400 132
0 1 1 0 400 400 135
0 1 1 0 400 400 138
0 1 1 0 400 400 141
0 1 1 0 400 400 144
0 1 1 0 400 400 147
0 1 1 0 400 400 150
0 1 1 0 400 400 153
0 1 1 0 400 400 156
0 1 1 0 400 400 159
0 1 1 0 400 400 162
0 1 1 0 400 400 165
0 1 1 0 400 400 168
0 1 1 0 400 400 171
0 1 1 0 400 400 174
0 1 1 0 400 400 177
0 1 1 0 400 400 180
0 1 1 0 400 400 183
0 1 1 0 400 400 186
0 1 1 0 400 400 189
0 1 1 0 400 400 192
0 1 1 0 400 400 195
0 1 1 0 400 400 198
0 1 1 0 400 400 201
0 1 1 0 400 400 204
0 1 1 0 400 400 207
0 1 1 0 400 400 210
0 1 1 0 400 400 213
0 1 1 0 400 400 216
0 1 1 0 400 400 219
0 1 1 0 400 400 222
0 1 1 0 400 400 225
0 1 1 0 400 400 228
0 1 1 0 400 400 231
0 1 1 0 400 400 234
0 1 1 0 400 400 237
0 1 1 0 400 400 240
0 1 1 0 400 400 243
0 1 1 0 400 400 246
0 1 1 0 400 400 249
0 1 1 0 400 400 252
0 1 1 0 400 400 255
0 1 1 0 400 400 258
0 1 1 0 400 400 261
0 1 1 0 400 400 264
0 1 1 0 400 400 267
0 1 1 0 400 400 270
0 1 1 0 400 400 273
0 1 1 0 400 400 276
0 1 1 0 400 400 279
0 1 1 0 400 400 282
0 1 1 0 400 400 285
0 1 1 0 400 400 288
0 1 1 0 400 400 291
0 1 1 0 400 400 294
0 1 1 0 400 400 297
0 1 1 0 400 400 300
0 1 1 0 400 400 303
0 1 1 0 400 400 306
0 1 1 0 400 400 309
0 1 1 0 400 400 312
0 1 1 0 400 400 315
0 1 1 0 400 400 318
0 1 1 0 400 400 321
0 1 1 0 400 400 324
0 1 1 0 400 400 327
0 1 1 0 400 400 330
0 1 1 0 400 400 333
0 1 1 0 400 400 336
0 1 1 0 400 400 339
0 1 1 0 400 400 342
0 1 1 0 400 400 345
0 1 1 0 400 400 348
0 1 1 0 400 400 351
0 1 1 0 400 400 354
0 1 1 0 400 400 357
